[
  {
    "sourceName": "intercity2",
    "sourceUrl": "https://intercity2.com/arac/199909",
    "vin": "4T1BK1FK6FU566243",
    "make": "TOYOTA",
    "model": "CAMRY",
    "trim": "XSE V6-B6 ZIRHLI",
    "year": 2015,
    "price": 9250000,
    "currency": "TRY",
    "mileageKm": 6130,
    "fuelType": "Benzin",
    "transmission": "Otomatik",
    "color": "siyah",
    "city": "istanbul merkez",
    "sellerType": "Galeri",
    "imageUrl": "https://intercity2.com/arac-resimleri/34EKM173_on_e9e25794c1481462045b477a6bf32cb3b6ead2f8_big.jpg",
    "imageUrls": [
      "https://intercity2.com/arac-resimleri/34EKM173_on_e9e25794c1481462045b477a6bf32cb3b6ead2f8_big.jpg"
    ],
    "description": "Motor Hacmi: 3500 cc\nMotor Gücü: 200 HP\nHASAR KAYDI BULUNMUYOR\n\nKREDİ KARTI İLE ARAÇ SATIŞINDA TUTAR SINIRI BULUNMAMAKTADIR.\n\nAKSESUARLAR\nSİYAH ALCANTARA - DERİ İÇ DÖŞEME\nKIRMIZI DİKİŞLER\nNAVİGASYON VE GERİ GÖRÜŞ KAMERASI\nÇİFT BÖLGE KLİMA SİSTEMİ\n6 HOPARLÖRLÜ YÜKSEK GÜÇLÜ SES SİSTEMİ\nELEKTRİKLİ VE ISITMALI ÖN KOLTUKLAR\nAKILLI ANAHTAR SİSTEMİ\nÇOK FONKSİYONLU DİREKSİYON SİMİDİ\nOTOMATİK KARARAN DİKİZ AYNALARI\nDAMARLI AHŞAP KAPLAMA İÇ MEKAN\nALARM SİSTEMİ VE IMMOBİLİZER\n17İNCH ALAŞIM JANTLAR\n215/55R17 RUN FLAT LASTİKLER\n\nSATIŞ DEPARTMANI İLETİŞİM \n\nMERVE GÜNDAĞ : 0549 806 56 45\nALİHAN ŞENKAL : 0530 728 28 75\nGÖRKEM SEZGİN : 0549 807 83 84\nYASEMİN YILDIZ : 0549 814 69 56\nKEREM BAYDEMİR : 0533 682 75 26\nEMRE ULUTAŞ : 0549 792 26 54\nÖZÇELİK YILMAZ : 0533 348 77 28\n\nKREDİ TAHSİS UZMANI\nABDULLAH İŞÇİ : 0553 503 44 44\n\nÇalışma Saatleri\nHafta İçi: 09:00 - 18:00"
  },
  {
    "sourceName": "intercity2",
    "sourceUrl": "https://intercity2.com/arac/199907",
    "vin": "3FMCR9C67PRE18648",
    "make": "FORD",
    "model": "BRONCO",
    "trim": "SPORT OUTER BANKS 1.5 ECOBOOST 8AT",
    "year": 2023,
    "price": 4700000,
    "currency": "TRY",
    "mileageKm": 6200,
    "fuelType": "Benzin",
    "transmission": "Otomatik",
    "color": "yesil",
    "city": "istanbul merkez",
    "sellerType": "Galeri",
    "imageUrl": "https://intercity2.com/arac-resimleri/34EKM400_on_09ea2735cc275caeda5bfb0fb816a3a438c8fc1f_big.jpg",
    "imageUrls": [
      "https://intercity2.com/arac-resimleri/34EKM400_on_09ea2735cc275caeda5bfb0fb816a3a438c8fc1f_big.jpg"
    ],
    "description": "Motor Hacmi: 1497 cc\nMotor Gücü: 135 HP\nKasko Değeri: 3.946.020 TL\nMTV: 6.014 TL/yıl\nHASAR KAYDI BULUNMUYOR.\n\nKREDİ KARTI İLE ARAÇ SATIŞINDA TUTAR SINIRI BULUNMAMAKTADIR.\n\nAKSESUARLAR\nGERİ GÖRÜŞ KAMERASI\nELEKTRİKLİ ÖN KOLTUKLAR\nÖN KOLTUKLARDA ELEKTRİKLİ BEL DESTEĞİ\nISITMALI ÖN MOKLTUKLAR\nŞİFRELİ GİRİŞ\n18 INCH JANTLAR\nAKILLI ÇEKER SİSTEM \nKATLANIR ARKA KOLTUKLAR\nDERİ/KUMAŞ KOLTUKLAR\nANAHTARSIZ GİRİŞ VE ÇALIŞTIRMA\nHAFIZALI SÜRÜCÜ KOLTUĞU\nŞERİT TAKİP /ŞERİT HİZA DESTEKLEYİCİ\nKÖR NOKTA YARDIMI\nAKILLI ÇEKER SİSTEM\nKATLANIR ARKA KOLTUKLAR\nARKA PARK SENSÖRÜ\nBAĞIMSIZ AÇILIR BAGAJ CAMI\n\nSATIŞ DEPARTMANI İLETİŞİM\n\nMERVE GÜNDAĞ : 0549 806 56 45\nKEREM BAYDEMİR : 0533 682 75 26\nGÖRKEM SEZGİN : 0549 807 83 84\nYASEMİN YILDIZ : 0549 814 69 56\nALİHAN ŞENKAL : 0530 728 28 75\n\nKREDİ TAHSİS UZMANI\nABDULLAH İŞÇİ : 0553 503 44 44\n\nÇalışma Saatleri\nHafta İçi: 09:00 - 18:00"
  },
  {
    "sourceName": "intercity2",
    "sourceUrl": "https://intercity2.com/arac/200571",
    "vin": "VF1RJA00475542532",
    "make": "RENAULT",
    "model": "CLIO",
    "trim": "EVOLUTION 1.0 TCE X-TRONIC 90",
    "year": 2025,
    "price": 1335000,
    "currency": "TRY",
    "mileageKm": 29353,
    "fuelType": "Benzin",
    "transmission": "Otomatik",
    "color": "beyaz",
    "city": "istanbul merkez",
    "sellerType": "Galeri",
    "imageUrl": "https://intercity2.com/arac-resimleri/34NSA557_on_c26a360b28f0ecc02ec1518de380ae5c6f67bc1c_big.jpg",
    "imageUrls": [
      "https://intercity2.com/arac-resimleri/34NSA557_on_c26a360b28f0ecc02ec1518de380ae5c6f67bc1c_big.jpg"
    ],
    "description": "Motor Hacmi: 999 cc\nMotor Gücü: 67 HP\nKasko Değeri: 1.380.750 TL\nMTV: 3.451 TL/yıl\nHASAR KAYDI BULUNMUYOR\n\nKREDİ KARTI İLE ARAÇ SATIŞINDA TUTAR SINIRI BULUNMAMAKTADIR\n\nAKSESUARLAR\n16 INCH JANT\nANAHTARSIZ GİRİŞ VE ÇALIŞTIRMA\nDOKUNMATİK EKRAN\nGERİ GÖRÜŞ KAMERASI\nARKA PARK SENSÖRÜ\nŞERİT TAKİP\nYOKUŞ KALKIŞ DESTEĞİ\nELEKTRİKLİ KATLANIR YAN AYNALAR\n7 INCH MEDYA EKRANI\nLED GÜNDÜZ FARLAR\nYAĞMUR VE FAR SENSÖRÜ\nHIZ SINIRLAYICI\nMANUEL KLİMA\nÖN KOL DAYAMA\nKATLANIR ARKA KOLTUK SIRTLIKLARI\nOTOMATİK 4 CAM\n\nSATIŞ DEPARTMANI İLETİŞİM\n\nYASEMİN YILDIZ : 0549 814 69 56\nKEREM BAYDEMİR : 0533 682 75 26\nEMRE ULUTAŞ : 0549 792 26 54\nÖZÇELİK YILMAZ : 0533 348 77 28\nGÖRKEM SEZGİN : 0549 807 83 84\nALİHAN ŞENKAL : 0530 728 28 75\nMERVE GÜNDAĞ : 0549 806 56 45\n\nKREDİ TAHSİS UZMANI\nABDULLAH İŞÇİ : 0553 503 44 44\n\nÇalışma Saatleri\nHafta İçi: 09:00 - 18:00"
  },
  {
    "sourceName": "intercity2",
    "sourceUrl": "https://intercity2.com/arac/200953",
    "vin": "VF1RFB00272655596",
    "make": "RENAULT",
    "model": "MEGANE",
    "trim": "SEDAN JOY COMFORT 1.3 TCE EDC 140 FAZ2",
    "year": 2024,
    "price": 1520000,
    "currency": "TRY",
    "mileageKm": 44230,
    "fuelType": "Benzin",
    "transmission": "Otomatik",
    "color": "gri",
    "city": "istanbul merkez",
    "sellerType": "Galeri",
    "imageUrl": "https://intercity2.com/arac-resimleri/34KHN801_on_8d97b48769a421d95ea7473221564623a6cf9d19_big.jpg",
    "imageUrls": [
      "https://intercity2.com/arac-resimleri/34KHN801_on_8d97b48769a421d95ea7473221564623a6cf9d19_big.jpg"
    ],
    "description": "Motor Hacmi: 1332 cc\nMotor Gücü: 103 HP\nKasko Değeri: 1.436.136 TL\nMTV: 5.512 TL/yıl\nHASAR KAYDI BULUNMUYOR\n\nKREDİ KARTI İLE ARAÇ SATIŞINDA MİKTAR SINIRLAMASI BULUNMAMAKTADIR.\n\nAKSESUARLAR\nHIZ LİMİTLEME\nHIZ SABİTLEME\nSİS FARI\nDİJİTAL KLİMA\nYAĞMUR SENSÖRÜ\nPARK SENSÖRÜ\nFAR SENSÖRÜ\nLED GÜNDÜZ FARLARI\nLED SİS FARI\nBLUETOOTH-AUX-ISB\n\nSATIŞ DEPARTMANI İLETİŞİM\n\nALİHAN ŞENKAL : 0530 728 28 75 \nGÖRKEM SEZGİN : 0549 807 83 84\nMERVE GÜNDAĞ : 0549 806 56 45\nYASEMİN YILDIZ : 0549 814 69 56\nKEREM BAYDEMİR : 0533 682 75 26\nEMRE ULUTAŞ : 0549 792 26 54\nÖZÇELİK YILMAZ : 0533 348 77 28\n\nKREDİ TAHSİS UZMANI\nABDULLAH İŞÇİ : 0553 503 44 44\n\nÇalışma Saatleri\nHafta İçi: 09:00 - 18:00\n"
  },
  {
    "sourceName": "intercity2",
    "sourceUrl": "https://intercity2.com/arac/199958",
    "vin": "TMBER6NW7P3117904",
    "make": "SKODA",
    "model": "SCALA",
    "trim": "1.0 TSI 110 DSG PREMIUM",
    "year": 2023,
    "price": 1460000,
    "currency": "TRY",
    "mileageKm": 63034,
    "fuelType": "Benzin",
    "transmission": "Otomatik",
    "color": "gri",
    "city": "istanbul merkez",
    "sellerType": "Galeri",
    "imageUrl": "https://intercity2.com/arac-resimleri/34GON328_on_01e4829065022d9062c40491cb3cd572d77f494a_big.jpg",
    "imageUrls": [
      "https://intercity2.com/arac-resimleri/34GON328_on_01e4829065022d9062c40491cb3cd572d77f494a_big.jpg"
    ],
    "description": "Motor Hacmi: 999 cc\nMotor Gücü: 81 HP\nKasko Değeri: 1.672.605 TL\nMTV: 3.160 TL/yıl\nHASAR KAYDI BULUNMUYOR\n\nKREDİ KARTI İLE ARAÇ SATIŞINDA TUTAR SINIRLAMASI BULUNMAMAKTADIR.\n\nAKSESUARLAR\n16'' ALAŞIMLI JANT\nFAR-YAĞMUR SENSÖRÜ\nKARARAN DİKİZ AYNASI\nKARARAN SOL DİKİZ AYNASI\nÇİFT BÖLGELİ DİJİTAL KLİMA\nANAHTARSIZ ÇALIŞMA\nGERİ GÖRÜŞ KAMERASI\nÖN-ARKA PARK SENSÖRÜ\nSTAR/STOP\nHIZ SABİTLEME\nKAYAR SİNYAL\nLED STOP\nLED XENON FAR\n\nSATIŞ DEPARTMANI İLETİŞİM\n\nMERVE GÜNDAĞ : 0549 806 56 45\nKEREM BAYDEMİR : 0533 682 75 26\nEMRE ULUTAŞ : 0549 792 26 54\nÖZÇELİK YILMAZ : 0533 348 77 28\nGÖRKEM SEZGİN : 0549 807 83 84\nYASEMİN YILDIZ : 0549 814 69 56\nALİHAN ŞENKAL : 0530 728 28 75\n\nKREDİ TAHSİS UZMANI\nABDULLAH İŞÇİ : 0553 503 44 44\n\nÇalışma Saatleri\nHafta İçi: 09:00 - 18:00"
  },
  {
    "sourceName": "intercity2",
    "sourceUrl": "https://intercity2.com/arac/200674",
    "vin": "WVWZZZ3CZNE062021",
    "make": "VOLKSWAGEN",
    "model": "PASSAT",
    "trim": "VARIANT 1.5 TSI ACT 150 DSG BUSINESS",
    "year": 2022,
    "price": 1800000,
    "currency": "TRY",
    "mileageKm": 79949,
    "fuelType": "Benzin",
    "transmission": "Otomatik",
    "color": "gri",
    "city": "istanbul merkez",
    "sellerType": "Galeri",
    "imageUrl": "https://intercity2.com/arac-resimleri/34FIZ063_on_5873097bd220ba6c61c0a8af2e5ba66cb8c04e44_big.jpg",
    "imageUrls": [
      "https://intercity2.com/arac-resimleri/34FIZ063_on_5873097bd220ba6c61c0a8af2e5ba66cb8c04e44_big.jpg"
    ],
    "description": "Motor Hacmi: 1498 cc\nMotor Gücü: 110 HP\nKasko Değeri: 1.866.417 TL\nMTV: 6.014 TL/yıl\nHASAR KAYDI BULUNMUYOR\n\nKREDİ KARTI İLE ARAÇ SATIŞINDA TUTAR SINIRI BULUNMAMAKTADIR\n\nAKSESUARLAR\nPANAROMİK CAM TAVAN-SUNROOF\n17''  ÇELİK JANT\nF1 VİTES\nÇİFT BÖLGE DİJİTAL\nANAHTARSIZ ÇALIŞTIRMA\nELEKTRONİK PARK FRENİ\nHIZ SABİTLEME VE SINIRLAMA\nAUTO HOLD\nSOĞUTMALI TORPİDO\nFAR-YAĞMUR SENSÖRÜ\nYARI ELEKTRİKLİ ÖN KOLTUK\nÖN ARKA KOL DAYAMA\nYORGUNLUK ALGILAMA\nELEKTRİKLİ VE ISIMALI YAN AYNALAR\nAPPLE CAR PLAY\nANDORİD AUTO\n\nSATIŞ DEPARTMANI İLETİŞİM\n\nALİHAN ŞENKAL : 0530 728 28 75\nKEREM BAYDEMİR : 0533 682 75 26\nYASEMİN YILDIZ : 0549 814 69 56\nGÖRKEM SEZGİN : 0549 807 83 84\nEMRE ULUTAŞ : 0549 792 26 54\nÖZÇELİK YILMAZ : 0533 348 77 28\nMERVE GÜNDAĞ : 0549 806 56 45\n\nKREDİ TAHSİS UZMANI\nABDULLAH İŞÇİ : 0553 503 44 44\n\nÇalışma Saatleri\nHafta İçi: 09:00 - 18:00"
  },
  {
    "sourceName": "intercity2",
    "sourceUrl": "https://intercity2.com/arac/200237",
    "vin": "TMAJB81BGPJ330182 ",
    "make": "HYUNDAI",
    "model": "TUCSON",
    "trim": "1.6 T-GDI PRIME PLUS DCT",
    "year": 2023,
    "price": 2050000,
    "currency": "TRY",
    "mileageKm": 74644,
    "fuelType": "Benzin",
    "transmission": "Otomatik",
    "color": "mavi",
    "city": "istanbul merkez",
    "sellerType": "Galeri",
    "imageUrl": "https://intercity2.com/arac-resimleri/34GPD327_on_be5fb5c894e29816f6a50b92739a00e93591d81e_big.jpg",
    "imageUrls": [
      "https://intercity2.com/arac-resimleri/34GPD327_on_be5fb5c894e29816f6a50b92739a00e93591d81e_big.jpg"
    ],
    "description": "Motor Hacmi: 1598 cc\nMotor Gücü: 132 HP\nKasko Değeri: 2.132.465 TL\nMTV: 5.512 TL/yıl\nHASAR KAYDI BULUNMUYOR\n\nKREDİ KARTI İLE ARAÇ SATIŞINDA TUTAR SINIRI BULUNMAMAKTADIR.\n\nAKSESUARLAR\nÖN-ARKA PARK SENSÖRÜ\nGERİ GÖRÜŞ KAMERASI\nHIZ SABİTLEYİCİ\nŞERİT TAKİP ASİSTANI\n12,3'' MULTİMEDYA EKRANI\nAPPLE CARPLAY/ANDROID AUTO DESTEGI\nKOL DAYAMA\nELEKTRONİK PARK FRENİ\nYAĞMUR SENSÖRÜ\nKARARAN İÇ DİKİZ AYNASI\nSTAR/STOP\nANAHTARSIZ GİRİŞ VE ÇALIŞTIRMA\n19'' ALAŞIMLI JANTLAR\nCAM TAVAN\n\nSATIŞ DEPARTMANI İLETİŞİM\n\nKEREM BAYDEMİR : 0533 682 75 26\nYASEMİN YILDIZ : 0549 814 69 56\nGÖRKEM SEZGİN : 0549 807 83 84\nMERVE GÜNDAĞ : 0549 806 56 45\nEMRE ULUTAŞ : 0549 792 26 54\nÖZÇELİK YILMAZ : 0533 348 77 28\nALİHAN ŞENKAL : 0530 728 28 75\n\nKREDİ TAHSİS UZMANI\nABDULLAH İŞÇİ : 0553 503 44 44\n\nÇalışma Saatleri\nHafta İçi: 09:00 - 18:00"
  },
  {
    "sourceName": "intercity2",
    "sourceUrl": "https://intercity2.com/arac/199902",
    "vin": "WVWZZZ3DZ58000928",
    "make": "VOLKSWAGEN",
    "model": "PHAETON",
    "trim": "5.0 V10 TDI LONG",
    "year": 2005,
    "price": 5250000,
    "currency": "TRY",
    "mileageKm": 133000,
    "fuelType": "Dizel",
    "transmission": "Otomatik",
    "color": "gri",
    "city": "istanbul merkez",
    "sellerType": "Galeri",
    "imageUrl": "https://intercity2.com/arac-resimleri/34EKM71_on_b91ce1b8b2d4a28d63274a94da6c49a277a47a69_big.jpg",
    "imageUrls": [
      "https://intercity2.com/arac-resimleri/34EKM71_on_b91ce1b8b2d4a28d63274a94da6c49a277a47a69_big.jpg"
    ],
    "description": "Motor Hacmi: 4921 cc\nMotor Gücü: 0 HP\nKasko Değeri: 108.494 TL\nBR6 SEVİYESİNDE ZIRHLANMIŞTIR\n\nHASAR KAYDI BULUNMUYOR\n\nKREDİ KARTI İLE ARAÇ SATIŞINDA TUTAR SINIRI BULUNMAMAKTADIR.\n\nAKSESUARLAR\nDeri döşeme\nElektrikli hafızalı ön koltuklar\nAnalog saat\nBardak tutucu\nElektronik park freni\nNavigasyon\nÖn koltuklarda ısıtma-soğutma\nÖn-arka koltuk dayama\nAirmatic\nÖn koltuklar masaj\nMaun kaplama orta konsol\nAraç telefon\nElektrikli arka cam perdesi\nÖn koltuklarda baldır desteği\nElektrikli katlanır yan dikiz aynaları\nCd çalar\nSunroof\n\nSATIŞ DEPARTMANI İLETİŞİM\n\nALİHAN ŞENKAL : 0530 728 28 75 \nGÖRKEM SEZGİN : 0549 807 83 84\nMERVE GÜNDAĞ : 0549 806 56 45\nYASEMİN YILDIZ : 0549 814 69 56\nKEREM BAYDEMİR : 0533 682 75 26\nEMRE ULUTAŞ : 0549 792 26 54\nÖZÇELİK YILMAZ : 0533 348 77 28\n\nKREDİ TAHSİS UZMANI\nABDULLAH İŞÇİ : 0553 503 44 44\n\nÇalışma Saatleri\nHafta İçi: 09:00 - 18:00"
  },
  {
    "sourceName": "intercity2",
    "sourceUrl": "https://intercity2.com/arac/199906",
    "vin": "ZN6AW82B007435834",
    "make": "MASERATI",
    "model": "GRECALE",
    "trim": "HYBRID 330 MODENA",
    "year": 2023,
    "price": 8750000,
    "currency": "TRY",
    "mileageKm": 9881,
    "fuelType": "Benzin",
    "transmission": "Otomatik",
    "color": "beyaz",
    "city": "istanbul merkez",
    "sellerType": "Galeri",
    "imageUrl": "https://intercity2.com/arac-resimleri/34EKM111_on_20d236ccc5a9a514f7dd33c53ca80866ad2ae041_big.jpg",
    "imageUrls": [
      "https://intercity2.com/arac-resimleri/34EKM111_on_20d236ccc5a9a514f7dd33c53ca80866ad2ae041_big.jpg"
    ],
    "description": "Motor Hacmi: 1995 cc\nMotor Gücü: 243 HP\nKasko Değeri: 8.947.896 TL\nHASAR KAYDI BULUNMUYOR\nKDV %1\n\nKREDİ KARTI İLE ARAÇ SATIŞINDA TUTAR SINIRI BULUNMAMAKTADIR.\n\nAKSESUARLAR\nBianco astro dış renk\nChevron deri kırmızı döşemeler\n21 inc crio staggered forged jantlar\nSonus faber high premium ses sistemi\n360 kamera\nHead up display\nSkyhook havalı süspansiyon\nKablosuz şarj\nPanoramik açılır cam tavan\nFull led farlar\nOtomatik uzun far\nElektrikli fonksiyonel spor deri direksiyon\nElektrikli ısıtmalı soğutmalı ön koltuklar\n12,3 ve 8,3 boyutlarında iki merkezi açılı ekran\nApple carplay\nAndroid auto\nGeri görüş kamerası\nAdaptif sürüş fonksiyonları\nEğim iniş kontrolü\nAdaptif süspansiyon yönetimi\nKeyless go anahtarsız çalıştırma\nF1 vites\nElektrikli bagaj\nTrident logolu koltuk başları\nDeri kaplı ön konsol\nAdaptif araç içi dijital saat\nGüneş korumalı camlar\n\nSATIŞ DEPARTMANI İLETİŞİM\n\nYASEMİN YILDIZ : 0549 814 69 56\nALİHAN ŞENKAL : 0530 728 28 75\nMERVE GÜNDAĞ : 0549 806 56 45\nKEREM BAYDEMİR : 0533 682 75 26\nGÖRKEM SEZGİN : 0549 807 83 84\n\nKREDİ TAHSİS UZMANI\nABDULLAH İŞÇİ : 0553 503 44 44\n\nÇalışma Saatleri\nHafta İçi: 09:00 - 18:00\n\n"
  },
  {
    "sourceName": "intercity2",
    "sourceUrl": "https://intercity2.com/arac/199974",
    "vin": "WAUZZZGY6PA013835",
    "make": "AUDI",
    "model": "A3",
    "trim": "SEDAN 35 TFSI 150 ADVANCED STRONIC",
    "year": 2022,
    "price": 2200000,
    "currency": "TRY",
    "mileageKm": 34105,
    "fuelType": "Benzin",
    "transmission": "Otomatik",
    "color": "gri",
    "city": "istanbul merkez",
    "sellerType": "Galeri",
    "imageUrl": "https://intercity2.com/arac-resimleri/34FTN682_on_335ca947cad0c75c62c18e0daeb9b889069f30f9_big.jpg",
    "imageUrls": [
      "https://intercity2.com/arac-resimleri/34FTN682_on_335ca947cad0c75c62c18e0daeb9b889069f30f9_big.jpg"
    ],
    "description": "Motor Hacmi: 1498 cc\nMotor Gücü: 110 HP\nKasko Değeri: 2.123.719 TL\nMTV: 5.512 TL/yıl\nHASAR KAYDI 21.328 TL\n\nKREDİ KARTI İLE ARAÇ SATIŞINDA TUTAR SINIRI BULUNMAMAKTADIR.\n\nAKSESUARLAR\nŞERİT DEĞİŞTİRME UYARISI\nPARK ASİSTANI\n2 BÖLGE OTOMATİK KLİMA\nBLUETOOTH ARAYÜZÜ\nYOKUŞ DESTEK ASİSTANI\nDİNAMİK SÜSPANSİYON\n3 KOLLU ÇOK FONKSİYONLU TIPTRONIC KUMANDALI SPOR DERİ DİREKSİYON\nKATLANABİLİR ARKA KOLTUKLAR\nANAHTARSIZ ÇALIŞTIRMA\nÖN KOLTUKLARDA 4 YÖNLÜ BEL DESTEK AYARI\nELEK KAT ISIT KENDİLİĞİNDEN KARARAN DIŞ DİKİZ AYNLARI\nLED ARKA FARLAR\nDRIVE SELECT\nSTART STOP SİSTEMİ\nHIZ SABİTLEME SİSTEMİ\nGERİ GÖRÜŞ KAMERASI\nAMBİYANS AYDINLATMA\n17''INCH JANTLAR\n\nSATIŞ DEPARTMANI İLETİŞİM\n\nYASEMİN YILDIZ : 0549 814 69 56\nGÖRKEM SEZGİN : 0549 807 83 84\nMERVE GÜNDAĞ : 0549 806 56 45\nKEREM BAYDEMİR : 0533 682 75 26\nEMRE ULUTAŞ : 0549 792 26 54\nÖZÇELİK YILMAZ : 0533 348 77 28\nALİHAN ŞENKAL : 0530 728 28 75\n\nKREDİ TAHSİS UZMANI\nABDULLAH İŞÇİ : 0553 503 44 44\n\nÇalışma Saatleri\nHafta İçi: 09:00 - 18:00"
  },
  {
    "sourceName": "intercity2",
    "sourceUrl": "https://intercity2.com/arac/199363",
    "vin": "WAUZZZF34N1043922",
    "make": "AUDI",
    "model": "Q3",
    "trim": "35 TFSI 150 ADVANCED STRONIC",
    "year": 2021,
    "price": 2600000,
    "currency": "TRY",
    "mileageKm": 77042,
    "fuelType": "Benzin",
    "transmission": "Otomatik",
    "color": "gri",
    "city": "istanbul merkez",
    "sellerType": "Galeri",
    "imageUrl": "https://intercity2.com/arac-resimleri/34EKM176_on_779be094ba229efc12232769abb4d7ad0ab83aa8_big.jpg",
    "imageUrls": [
      "https://intercity2.com/arac-resimleri/34EKM176_on_779be094ba229efc12232769abb4d7ad0ab83aa8_big.jpg"
    ],
    "description": "Motor Hacmi: 1498 cc\nMotor Gücü: 110 HP\nKasko Değeri: 2.591.257 TL\nMTV: 5.008 TL/yıl\nHASAR KAYDI BULUNMUYOR\n\nKREDİ KARTI İLE ARAÇ SATIŞINDA TUTAR SINIRI BULUNMAMAKTADIR.\n\nAKSESUARLAR\nDERİ DÖŞEME\nELEKTRİKLİ SÜRÜCÜ KOLTUĞU\nÖN KOLTUKLARDA 4 YÖNLÜ BEL DESTEĞİ\nÖN KOLTUKLARDA ISITMA\nAUDI SES SİSTEMİ\nAKILLI TELEFON ARA YÜZÜ\n18 INCH JANTLAR\n3 KOLLU TIPTRONIC DERİ DİREKSİYON\n2 BÖLGE OTOMATİK KLİMA\nHIZ SABİTLEME\nLED FARLAR\nELEKTRİKLİ KATLANABİLİR, ISITMALI, OTOMATİK KARARAN YAN AYNALAR\nANAHTARSIZ ÇALIŞTIRMA\nELEKTRİKLİ BAGAJ KAPAĞI\nHAYALET EKRAN\nGERİ GÖRÜŞ KAMERASI\nYOKUŞ KALKIŞ DESTEĞİ\n\nSATIŞ DEPARTMANI İLETİŞİM\n\nMERVE GÜNDAĞ : 0549 806 56 45\nALİHAN ŞENKAL : 0530 728 28 75\nEMRE ULUTAŞ : 0549 792 26 54\nÖZÇELİK YILMAZ : 0533 348 77 28\nYASEMİN YILDIZ : 0549 814 69 56\nKEREM BAYDEMİR : 0533 682 75 26\nGÖRKEM SEZGİN : 0549 807 83 84\n\nKREDİ TAHSİS UZMANI\nABDULLAH İŞÇİ : 0553 503 44 44\n\nÇalışma Saatleri\nHafta İçi: 09:00 - 18:00"
  },
  {
    "sourceName": "intercity2",
    "sourceUrl": "https://intercity2.com/arac/199903",
    "vin": "WDDUG8FBXGA220969",
    "make": "MERCEDES",
    "model": "S",
    "trim": "550L 4MATIC-B6 ZIRHLI",
    "year": 2015,
    "price": 33500000,
    "currency": "TRY",
    "mileageKm": 6120,
    "fuelType": "Benzin",
    "transmission": "Otomatik",
    "color": "siyah",
    "city": "istanbul merkez",
    "sellerType": "Galeri",
    "imageUrl": "https://intercity2.com/arac-resimleri/34EKM057_on_2f3e52a24582382c92112f71240e2e0d7ceda87a_big.jpg",
    "imageUrls": [
      "https://intercity2.com/arac-resimleri/34EKM057_on_2f3e52a24582382c92112f71240e2e0d7ceda87a_big.jpg"
    ],
    "description": "Motor Hacmi: 4700 cc\nMotor Gücü: 289 HP\nHASAR KAYDI BULUNMUYOR\n\nKREDİ KARTI İLE ARAÇ SATIŞINDA TUTAR SINIRI BULUNMAMAKTADIR.\n\nAKSESUARLAR\nKAHVERENGİ DERİ DÖŞEME\nCOMMAND HAYALET EKRAN\nDISTRONIC , AKTİF KÖR NOKTA UYARICI\nÖN KOLTUKLAR ISITMA , SOĞUTMA VE MASAJ\nARKA KOLTUKLARDA ISITMA\nMULTIBEAM YÜKSE PERFORMANS FARLAR\nBURMESTER YÜKSEK PERFORMANS SES SİSTEMİ\n7 İLERİ OTOMATİK ŞANZIMAN\n19 INCH JANTLAR\nANAHTARSIZ GİRİŞ VE ÇALIŞTIRMA\nŞERİT TAKİP\n360 KAMERA\nMAUN KAPLAMA ÖN ORTAL KONSOL\nDERİ DİKİŞLİ ÖN KONSOL VE İÇ KAPI PERVAZLARI\nELEKTRİKLİ BAGAJ\nPRE-SAFE BREAK\nAIRMATIC\nTABAN VE TORPİDODA ZIRH\n\nSATIŞ DEPARTMANI İLETİŞİM\n\nMERVE GÜNDAĞ : 0549 806 56 45\nKEREM BAYDEMİR : 0533 682 75 26\nEMRE ULUTAŞ : 0549 792 26 54\nÖZÇELİK YILMAZ : 0533 348 77 28\nGÖRKEM SEZGİN : 0549 807 83 84\nYASEMİN YILDIZ : 0549 814 69 56\nALİHAN ŞENKAL : 0530 728 28 75\n\nKREDİ TAHSİS UZMANI\nABDULLAH İŞÇİ : 0553 503 44 44\n\nÇalışma Saatleri\nHafta İçi: 09:00 - 18:00"
  },
  {
    "sourceName": "intercity2",
    "sourceUrl": "https://intercity2.com/arac/200996",
    "vin": "SJNTAAJ12U1335259",
    "make": "NISSAN",
    "model": "QASHQAI",
    "trim": "1.3 DIG-T 158 CVT SKYPACK",
    "year": 2023,
    "price": 1900000,
    "currency": "TRY",
    "mileageKm": 128908,
    "fuelType": "Benzin",
    "transmission": "Otomatik",
    "color": "beyaz",
    "city": "istanbul merkez",
    "sellerType": "Galeri",
    "imageUrl": "https://intercity2.com/arac-resimleri/34HKP095_on_ccd93b5fa4437b3c24ce9c44b9c1776cc8a09f6d_big.jpg",
    "imageUrls": [
      "https://intercity2.com/arac-resimleri/34HKP095_on_ccd93b5fa4437b3c24ce9c44b9c1776cc8a09f6d_big.jpg"
    ],
    "description": "Motor Hacmi: 1332 cc\nMotor Gücü: 116 HP\nKasko Değeri: 2.398.226 TL\nMTV: 6.014 TL/yıl\nHASAR KAYDI BULUNMUYOR.\n\nKREDİ KARTI İLE ARAÇ SATIŞINDA TUTAR SINIRI BULUNMAMAKTADIR.\n\nAKSESUARLAR\nPANAROMİK CAM TAVAN\nANAHTARSIZ GİRİŞ, ÇIKIŞ (KEYLESS)\nANAHTARSIZ ÇALIŞTIRMA\nADAPTİF HIZ SABİTLEYİCİ\nŞERİT TAKİP\nKÖR NOKTA\nKABLOSUZ ŞARJ\nYENİ NESİL LEDLİ FAR STOP\nÇARPIŞMA ÖNLEYİCİ\nLEVHA UYARI SİSTEMİ\nGERİ GÖRÜŞ KAMERASI\nÖN ARKA PARK SENSÖRÜ\nDİJİTAL KLİMA\nFONKSİYONEL DERİ DİREKSİYON\nYOKUŞ KALKIŞ DESTEK SİSTEMİ\nFAR VE YAĞMUR SENSÖRÜ\nÖN VE ARKA KOL DAYAMA\nAPPLE CAR PLAY, ANDROİD AUTO\n\nSATIŞ DEPARTMANI İLETİŞİM\n\nALİHAN ŞENKAL : 0530 728 28 75\nYASEMİN YILDIZ : 0549 814 69 56\nKEREM BAYDEMİR : 0533 682 75 26\nGÖRKEM SEZGİN : 0549 807 83 84\nMERVE GÜNDAĞ : 0549 806 56 45\nEMRE ULUTAŞ : 0549 792 26 54\nÖZÇELİK YILMAZ : 0533 348 77 28\n\nKREDİ TAHSİS UZMANI\nABDULLAH İŞÇİ : 0553 503 44 44\n\nÇalışma Saatleri\nHafta İçi: 09:00 - 18:00"
  },
  {
    "sourceName": "intercity2",
    "sourceUrl": "https://intercity2.com/arac/200597",
    "vin": "TMBER6NW5P3125323",
    "make": "SKODA",
    "model": "SCALA",
    "trim": "1.0 TSI 110 DSG PREMIUM",
    "year": 2023,
    "price": 1350000,
    "currency": "TRY",
    "mileageKm": 64227,
    "fuelType": "Benzin",
    "transmission": "Otomatik",
    "color": "gri",
    "city": "istanbul merkez",
    "sellerType": "Galeri",
    "imageUrl": "https://intercity2.com/arac-resimleri/34GSJ455_on_e5e0fa116175f49dafb7ec80227d229c90a3b1e9_big.jpg",
    "imageUrls": [
      "https://intercity2.com/arac-resimleri/34GSJ455_on_e5e0fa116175f49dafb7ec80227d229c90a3b1e9_big.jpg"
    ],
    "description": "Motor Hacmi: 999 cc\nMotor Gücü: 81 HP\nKasko Değeri: 1.672.605 TL\nMTV: 3.451 TL/yıl\nHASAR KAYDI ÇARPMA\n\nKREDİ KARTI İLE ARAÇ SATIŞINDA TUTAR SINIRI BULUNMAMAKTADIR\n\nAKSESUARLAR\n16'' ALAŞIMLI JANT\nFAR-YAĞMUR SENSÖRÜ\nKARARAN DİKİZ AYNASI\nKARARAN SOL DİKİZ AYNASI\nÇİFT BÖLGELİ DİJİTAL KLİMA\nANAHTARSIZ ÇALIŞMA\nGERİ GÖRÜŞ KAMERASI\nÖN-ARKA PARK SENSÖRÜ\nSTAR/STOP\nHIZ SABİTLEME\nKAYAR SİNYAL\nLED STOP\nLED XENON FAR\n\nSATIŞ DEPARTMANI İLETİŞİM\n\nALİHAN ŞENKAL : 0530 728 28 75\nMERVE GÜNDAĞ : 0549 806 56 45\nKEREM BAYDEMİR : 0533 682 75 26\nEMRE ULUTAŞ : 0549 792 26 54\nÖZÇELİK YILMAZ : 0533 348 77 28\nGÖRKEM SEZGİN : 0549 807 83 84\nYASEMİN YILDIZ : 0549 814 69 56\n\n\nKREDİ TAHSİS UZMANI\nABDULLAH İŞÇİ : 0553 503 44 44\n\nÇalışma Saatleri\nHafta İçi: 09:00 - 18:00"
  },
  {
    "sourceName": "intercity2",
    "sourceUrl": "https://intercity2.com/arac/200598",
    "vin": "TMBER6NW6P3123743",
    "make": "SKODA",
    "model": "SCALA",
    "trim": "1.0 TSI 110 DSG PREMIUM",
    "year": 2023,
    "price": 1460000,
    "currency": "TRY",
    "mileageKm": 60510,
    "fuelType": "Benzin",
    "transmission": "Otomatik",
    "color": "gri",
    "city": "istanbul merkez",
    "sellerType": "Galeri",
    "imageUrl": "https://intercity2.com/arac-resimleri/34GSJ472_on_ec8904dab5fc40d3dafca52dc08cb5b8413730c7_big.jpg",
    "imageUrls": [
      "https://intercity2.com/arac-resimleri/34GSJ472_on_ec8904dab5fc40d3dafca52dc08cb5b8413730c7_big.jpg"
    ],
    "description": "Motor Hacmi: 999 cc\nMotor Gücü: 81 HP\nKasko Değeri: 1.672.605 TL\nMTV: 3.451 TL/yıl\nHASAR KAYDI BULUNMUYOR\n\nKREDİ KARTI İLE ARAÇ SATIŞINDA TUTAR SINIRI BULUNMAMAKTADIR.\n\nAKSESUARLAR\n16'' ALAŞIMLI JANT\nFAR-YAĞMUR SENSÖRÜ\nKARARAN DİKİZ AYNASI\nKARARAN SOL DİKİZ AYNASI\nÇİFT BÖLGELİ DİJİTAL KLİMA\nANAHTARSIZ ÇALIŞMA\nGERİ GÖRÜŞ KAMERASI\nÖN-ARKA PARK SENSÖRÜ\nSTAR/STOP\nHIZ SABİTLEME\nKAYAR SİNYAL\nLED STOP\nLED XENON FAR\n\nSATIŞ DEPARTMANI İLETİŞİM\n\nMERVE GÜNDAĞ : 0549 806 56 45\nKEREM BAYDEMİR : 0533 682 75 26\nEMRE ULUTAŞ : 0549 792 26 54\nÖZÇELİK YILMAZ : 0533 348 77 28\nGÖRKEM SEZGİN : 0549 807 83 84\nYASEMİN YILDIZ : 0549 814 69 56\nALİHAN ŞENKAL : 0530 728 28 75\n\nKREDİ TAHSİS UZMANI\nABDULLAH İŞÇİ : 0553 503 44 44\n\nÇalışma Saatleri\nHafta İçi: 09:00 - 18:00"
  },
  {
    "sourceName": "intercity2",
    "sourceUrl": "https://intercity2.com/arac/200672",
    "vin": "TMBER6NW8P3123453",
    "make": "SKODA",
    "model": "SCALA",
    "trim": "1.0 TSI 110 DSG PREMIUM",
    "year": 2023,
    "price": 1430000,
    "currency": "TRY",
    "mileageKm": 63850,
    "fuelType": "Benzin",
    "transmission": "Otomatik",
    "color": "gri",
    "city": "bursa",
    "sellerType": "Galeri",
    "imageUrl": "https://intercity2.com/arac-resimleri/34GSJ887_on_519f3b227b681982543b2db9f5bb7cc99fb93c61_big.jpg",
    "imageUrls": [
      "https://intercity2.com/arac-resimleri/34GSJ887_on_519f3b227b681982543b2db9f5bb7cc99fb93c61_big.jpg"
    ],
    "description": "Motor Hacmi: 999 cc\nMotor Gücü: 81 HP\nKasko Değeri: 1.672.605 TL\nMTV: 3.451 TL/yıl\nHASAR KAYDI: 19.074 TL\n\nKREDİ KARTI İLE ARAÇ SATIŞINDA TUTAR SINIRI BULUNMAMAKTADIR.\n\nSATIŞ DEPARTMANI İLETİŞİM\nCELAL KARAKEBEN : 0531 645 00 46\n\nKREDİ TAHSİS UZMANI\nABDULLAH İŞÇİ : 0553 503 44 44\n\nÇalışma Saatleri\nHafta İçi: 09:00 - 18:00\nCumartesi: 09:00 - 13.00\n"
  },
  {
    "sourceName": "intercity2",
    "sourceUrl": "https://intercity2.com/arac/200385",
    "vin": "TMBER6NW3P3124543",
    "make": "SKODA",
    "model": "SCALA",
    "trim": "1.0 TSI 110 DSG PREMIUM",
    "year": 2023,
    "price": 1330000,
    "currency": "TRY",
    "mileageKm": 75739,
    "fuelType": "Benzin",
    "transmission": "Otomatik",
    "color": "gri",
    "city": "ankara",
    "sellerType": "Galeri",
    "imageUrl": "https://intercity2.com/arac-resimleri/34GSJ885_on_26f0736a40f8b55a0e5dd7509ad07efa0583b689_big.jpg",
    "imageUrls": [
      "https://intercity2.com/arac-resimleri/34GSJ885_on_26f0736a40f8b55a0e5dd7509ad07efa0583b689_big.jpg"
    ],
    "description": "Motor Hacmi: 999 cc\nMotor Gücü: 81 HP\nKasko Değeri: 1.672.605 TL\nMTV: 3.451 TL/yıl\nHASAR KAYDI 24.500 TL\n\nKZ1: 11/03/2026 Carpisma 14000TL\nKZ2: 10/03/2026 Carpma\nKZ3: 13/04/2025 Carpisma 10500TL\n\nKREDİ KARTI İLE ARAÇ SATIŞINDA TUTAR SINIRI BULUNMAMAKTADIR.\n\nSATIŞ DEPARTMANI İLETİŞİM\n\nFİGEN YAKLAŞ: 0554 538 3580\nÖNER ALKAN: 0549 812 3759\nAKIN NAR: 0549 812 3756\n\nKREDİ TAHSİS UZMANI\nABDULLAH İŞÇİ : 0553 503 44 44\n\nÇalışma Saatleri\nHafta İçi: 09:00 - 18:00\nCumartesi: 09:00 - 13.00\n"
  },
  {
    "sourceName": "intercity2",
    "sourceUrl": "https://intercity2.com/arac/200728",
    "vin": "TMBER6NWXP3124135",
    "make": "SKODA",
    "model": "SCALA",
    "trim": "1.0 TSI 110 DSG PREMIUM",
    "year": 2023,
    "price": 1230000,
    "currency": "TRY",
    "mileageKm": 105590,
    "fuelType": "Benzin",
    "transmission": "Otomatik",
    "color": "gri",
    "city": "bursa",
    "sellerType": "Galeri",
    "imageUrl": "https://intercity2.com/arac-resimleri/34GSJ915_on_89664d6c47a2d5cfb27c829bfb723df057ee5696_big.jpg",
    "imageUrls": [
      "https://intercity2.com/arac-resimleri/34GSJ915_on_89664d6c47a2d5cfb27c829bfb723df057ee5696_big.jpg"
    ],
    "description": "Motor Hacmi: 999 cc\nMotor Gücü: 81 HP\nKasko Değeri: 1.672.605 TL\nMTV: 3.451 TL/yıl\nHASAR KAYDI: YOK\n\nKREDİ KARTI İLE ARAÇ SATIŞINDA TUTAR SINIRI BULUNMAMAKTADIR.\n\nSATIŞ DEPARTMANI İLETİŞİM\nCELAL KARAKEBEN : 0531 645 00 46\n\nKREDİ TAHSİS UZMANI\nABDULLAH İŞÇİ : 0553 503 44 44\n\nÇalışma Saatleri\nHafta İçi: 09:00 - 18:00\nCumartesi: 09:00 - 13.00"
  },
  {
    "sourceName": "intercity2",
    "sourceUrl": "https://intercity2.com/arac/200888",
    "vin": "TMBER6NW5P3126133",
    "make": "SKODA",
    "model": "SCALA",
    "trim": "1.0 TSI 110 DSG PREMIUM",
    "year": 2023,
    "price": 1500000,
    "currency": "TRY",
    "mileageKm": 35646,
    "fuelType": "Benzin",
    "transmission": "Otomatik",
    "color": "gri",
    "city": "ankara",
    "sellerType": "Galeri",
    "imageUrl": "https://intercity2.com/arac-resimleri/34GSJ889_on_3f42e7ca8567045649d6d7b8250328511092bb37_big.jpg",
    "imageUrls": [
      "https://intercity2.com/arac-resimleri/34GSJ889_on_3f42e7ca8567045649d6d7b8250328511092bb37_big.jpg"
    ],
    "description": "Motor Hacmi: 999 cc\nMotor Gücü: 81 HP\nKasko Değeri: 1.672.605 TL\nMTV: 3.451 TL/yıl\nHASAR KAYDI BULUNMUYOR\n\nKREDİ KARTI İLE ARAÇ SATIŞINDA TUTAR SINIRI BULUNMAMAKTADIR.\n\nSATIŞ DEPARTMANI İLETİŞİM\n\nFİGEN YAKLAŞ: 0554 538 3580\nÖNER ALKAN: 0549 812 3759\nAKIN NAR: 0549 812 3756\n\nKREDİ TAHSİS UZMANI\nABDULLAH İŞÇİ : 0553 503 44 44\n\nÇalışma Saatleri\nHafta İçi: 09:00 - 18:00\nCumartesi: 09:00 - 13.00\n"
  },
  {
    "sourceName": "intercity2",
    "sourceUrl": "https://intercity2.com/arac/200993",
    "vin": "TMBER6NW8P3135702",
    "make": "SKODA",
    "model": "SCALA",
    "trim": "1.0 TSI 110 DSG PREMIUM",
    "year": 2023,
    "price": 1300000,
    "currency": "TRY",
    "mileageKm": 111661,
    "fuelType": "Benzin",
    "transmission": "Otomatik",
    "color": "gri",
    "city": "istanbul atasehir",
    "sellerType": "Galeri",
    "imageUrl": "https://intercity2.com/arac-resimleri/34GZF668_on_a25f066fac6dc594d40c5309f40a3a5c7bca9c8c_big.jpg",
    "imageUrls": [
      "https://intercity2.com/arac-resimleri/34GZF668_on_a25f066fac6dc594d40c5309f40a3a5c7bca9c8c_big.jpg"
    ],
    "description": "Motor Hacmi: 999 cc\nMotor Gücü: 81 HP\nKasko Değeri: 1.672.605 TL\nMTV: 3.160 TL/yıl\nHASAR KAYDI 19.000 TL\n\nKREDİ KARTI İLE ARAÇ SATIŞINDA TUTAR SINIRI BULUNMAMAKTADIR.\n\nSATIŞ DEPARTMANI İLETİŞİM\n\nÖZÇELİK YILMAZ : 0533 348 77 28\nEMRE ULUTAŞ : 0549 792 26 54\nMERVE GÜNDAĞ : 0549 806 56 45\nYASEMİN YILDIZ : 0549 814 69 56\nKEREM BAYDEMİR : 0533 682 75 26\nGÖRKEM SEZGİN : 0549 807 83 84\n\nKREDİ TAHSİS UZMANI\nABDULLAH İŞÇİ : 0553 503 44 44\n\nÇalışma Saatleri\nHafta İçi: 09:00 - 18:00\nCumartesi : 09:00 - 13:00\n"
  },
  {
    "sourceName": "intercity2",
    "sourceUrl": "https://intercity2.com/arac/200284",
    "vin": "TMBER6NW7P3123637",
    "make": "SKODA",
    "model": "SCALA",
    "trim": "1.0 TSI 110 DSG PREMIUM",
    "year": 2023,
    "price": 1475000,
    "currency": "TRY",
    "mileageKm": 54958,
    "fuelType": "Benzin",
    "transmission": "Otomatik",
    "color": "gri",
    "city": "istanbul merkez",
    "sellerType": "Galeri",
    "imageUrl": "https://intercity2.com/arac-resimleri/34GSJ918_on_cf19aa251cd8f9d7cd0eea14e195dcc1d2d4fcf8_big.jpg",
    "imageUrls": [
      "https://intercity2.com/arac-resimleri/34GSJ918_on_cf19aa251cd8f9d7cd0eea14e195dcc1d2d4fcf8_big.jpg"
    ],
    "description": "Motor Hacmi: 999 cc\nMotor Gücü: 81 HP\nKasko Değeri: 1.672.605 TL\nMTV: 3.451 TL/yıl\nHASAR KAYDI BULUNMUYOR\n\nKREDİ KARTI İLE ARAÇ SATIŞINDA TUTAR SINIRI BULUNMAMAKTADIR\n\nAKSESUARLAR\n16'' ALAŞIMLI JANT\nFAR-YAĞMUR SENSÖRÜ\nKARARAN DİKİZ AYNASI\nKARARAN SOL DİKİZ AYNASI\nÇİFT BÖLGELİ DİJİTAL KLİMA\nANAHTARSIZ ÇALIŞMA\nGERİ GÖRÜŞ KAMERASI\nÖN-ARKA PARK SENSÖRÜ\nSTAR/STOP\nHIZ SABİTLEME\nKAYAR SİNYAL\nLED STOP\nLED XENON FAR\n\nSATIŞ DEPARTMANI İLETİŞİM\n\nMERVE GÜNDAĞ : 0549 806 56 45\nKEREM BAYDEMİR : 0533 682 75 26\nEMRE ULUTAŞ : 0549 792 26 54\nÖZÇELİK YILMAZ : 0533 348 77 28\nGÖRKEM SEZGİN : 0549 807 83 84\nYASEMİN YILDIZ : 0549 814 69 56\nALİHAN ŞENKAL : 0530 728 28 75\n\nKREDİ TAHSİS UZMANI\nABDULLAH İŞÇİ : 0553 503 44 44\n\nÇalışma Saatleri\nHafta İçi: 09:00 - 18:00"
  },
  {
    "sourceName": "intercity2",
    "sourceUrl": "https://intercity2.com/arac/201002",
    "vin": "TMBER6NWXP3137726",
    "make": "SKODA",
    "model": "SCALA",
    "trim": "1.0 TSI 110 DSG PREMIUM",
    "year": 2023,
    "price": 1440000,
    "currency": "TRY",
    "mileageKm": 64630,
    "fuelType": "Benzin",
    "transmission": "Otomatik",
    "color": "gri",
    "city": "istanbul merkez",
    "sellerType": "Galeri",
    "imageUrl": "https://intercity2.com/arac-resimleri/34HCV117_on_74bc05b20cf40e73372440a3bf393ddd01784e35_big.jpg",
    "imageUrls": [
      "https://intercity2.com/arac-resimleri/34HCV117_on_74bc05b20cf40e73372440a3bf393ddd01784e35_big.jpg"
    ],
    "description": "Motor Hacmi: 999 cc\nMotor Gücü: 81 HP\nKasko Değeri: 1.672.605 TL\nMTV: 3.160 TL/yıl\nHASAR KAYDI  6.000 TL\n\nKREDİ KARTI İLE ARAÇ SATIŞINDA TUTAR SINIRLAMASI BULUNMAMAKTADIR.\n\nAKSESUARLAR\n16'' ALAŞIMLI JANT\nFAR-YAĞMUR SENSÖRÜ\nKARARAN DİKİZ AYNASI\nKARARAN SOL DİKİZ AYNASI\nÇİFT BÖLGELİ DİJİTAL KLİMA\nANAHTARSIZ ÇALIŞMA\nGERİ GÖRÜŞ KAMERASI\nÖN-ARKA PARK SENSÖRÜ\nSTAR/STOP\nHIZ SABİTLEME\nKAYAR SİNYAL\nLED STOP\nLED XENON FAR\n\nSATIŞ DEPARTMANI İLETİŞİM\n\nALİHAN ŞENKAL : 0530 728 28 75\nMERVE GÜNDAĞ : 0549 806 56 45\nKEREM BAYDEMİR : 0533 682 75 26\nEMRE ULUTAŞ : 0549 792 26 54\nÖZÇELİK YILMAZ : 0533 348 77 28\nGÖRKEM SEZGİN : 0549 807 83 84\nYASEMİN YILDIZ : 0549 814 69 56\n\n\nKREDİ TAHSİS UZMANI\nABDULLAH İŞÇİ : 0553 503 44 44"
  },
  {
    "sourceName": "intercity2",
    "sourceUrl": "https://intercity2.com/arac/201100",
    "vin": "TMBER6NW7P3147808",
    "make": "SKODA",
    "model": "SCALA",
    "trim": "1.0 TSI 110 DSG PREMIUM",
    "year": 2023,
    "price": 1460000,
    "currency": "TRY",
    "mileageKm": 58987,
    "fuelType": "Benzin",
    "transmission": "Otomatik",
    "color": "gri",
    "city": "istanbul merkez",
    "sellerType": "Galeri",
    "imageUrl": "https://intercity2.com/arac-resimleri/34HEJ470_on_36aa7b124a3ef6296bb3455a97f0e3af9abfb0b8_big.jpg",
    "imageUrls": [
      "https://intercity2.com/arac-resimleri/34HEJ470_on_36aa7b124a3ef6296bb3455a97f0e3af9abfb0b8_big.jpg"
    ],
    "description": "Motor Hacmi: 999 cc\nMotor Gücü: 81 HP\nKasko Değeri: 1.672.605 TL\nMTV: 3.160 TL/yıl\nHASAR KAYDI BULUNMUYOR\n\nKREDİ KARTI İLE ARAÇ SATIŞINDA TUTAR SINIRLAMASI BULUNMAMAKTADIR.\n\nAKSESUARLAR\n16'' ALAŞIMLI JANT\nFAR-YAĞMUR SENSÖRÜ\nKARARAN DİKİZ AYNASI\nKARARAN SOL DİKİZ AYNASI\nÇİFT BÖLGELİ DİJİTAL KLİMA\nANAHTARSIZ ÇALIŞMA\nGERİ GÖRÜŞ KAMERASI\nÖN-ARKA PARK SENSÖRÜ\nSTAR/STOP\nHIZ SABİTLEME\nKAYAR SİNYAL\nLED STOP\nLED XENON FAR\n\nSATIŞ DEPARTMANI İLETİŞİM\n\nMERVE GÜNDAĞ : 0549 806 56 45\nKEREM BAYDEMİR : 0533 682 75 26\nGÖRKEM SEZGİN : 0549 807 83 84\nYASEMİN YILDIZ : 0549 814 69 56\nALİHAN ŞENKAL : 0530 728 28 75\nEMRE ULUTAŞ : 0549 792 26 54\nÖZÇELİK YILMAZ : 0533 348 77 28\n\nKREDİ TAHSİS UZMANI\nABDULLAH İŞÇİ : 0553 503 44 44\n\nÇalışma Saatleri\nHafta İçi: 09:00 - 18:00"
  },
  {
    "sourceName": "intercity2",
    "sourceUrl": "https://intercity2.com/arac/201221",
    "vin": "TMBER6NW9P3139144",
    "make": "SKODA",
    "model": "SCALA",
    "trim": "1.0 TSI 110 DSG PREMIUM",
    "year": 2023,
    "price": 1430000,
    "currency": "TRY",
    "mileageKm": 53083,
    "fuelType": "Benzin",
    "transmission": "Otomatik",
    "color": "gri",
    "city": "istanbul merkez",
    "sellerType": "Galeri",
    "imageUrl": "https://intercity2.com/arac-resimleri/34HEL088_on_56854ddeccab31bcb570995e7eda218ece6ba1a7_big.jpg",
    "imageUrls": [
      "https://intercity2.com/arac-resimleri/34HEL088_on_56854ddeccab31bcb570995e7eda218ece6ba1a7_big.jpg"
    ],
    "description": "Motor Hacmi: 999 cc\nMotor Gücü: 81 HP\nKasko Değeri: 1.672.605 TL\nMTV: 3.451 TL/yıl\nHASAR KAYDI BULUNMUYOR\n\nKREDİ KARTI İLE ARAÇ SATIŞINDA TUTAR SINIRI BULUNMAMAKTADIR\n\nAKSESUARLAR\n16'' ALAŞIMLI JANT\nFAR-YAĞMUR SENSÖRÜ\nKARARAN DİKİZ AYNASI\nKARARAN SOL DİKİZ AYNASI\nÇİFT BÖLGELİ DİJİTAL KLİMA\nANAHTARSIZ ÇALIŞMA\nGERİ GÖRÜŞ KAMERASI\nÖN-ARKA PARK SENSÖRÜ\nSTAR/STOP\nHIZ SABİTLEME\nKAYAR SİNYAL\nLED STOP\nLED XENON FAR\n\nSATIŞ DEPARTMANI İLETİŞİM\n\nALİHAN ŞENKAL : 0530 728 28 75\nMERVE GÜNDAĞ : 0549 806 56 45\nKEREM BAYDEMİR : 0533 682 75 26\nGÖRKEM SEZGİN : 0549 807 83 84\nYASEMİN YILDIZ : 0549 814 69 56\nEMRE ULUTAŞ : 0549 792 26 54\nÖZÇELİK YILMAZ : 0533 348 77 28\n\nKREDİ TAHSİS UZMANI\nABDULLAH İŞÇİ : 0553 503 44 44\n\nÇalışma Saatleri\nHafta İçi: 09:00 - 18:00"
  },
  {
    "sourceName": "intercity2",
    "sourceUrl": "https://intercity2.com/arac/201008",
    "vin": "TMBAN6NP9N7046648",
    "make": "SKODA",
    "model": "SUPERB",
    "trim": "1.5 TSI ACT 150 DSG PREMIUM",
    "year": 2022,
    "price": 1850000,
    "currency": "TRY",
    "mileageKm": 140792,
    "fuelType": "Benzin",
    "transmission": "Otomatik",
    "color": "gri",
    "city": "istanbul merkez",
    "sellerType": "Galeri",
    "imageUrl": "https://intercity2.com/arac-resimleri/34FMA343_on_1731f053e87d78de183a18d45c74eb9caf9e2853_big.jpg",
    "imageUrls": [
      "https://intercity2.com/arac-resimleri/34FMA343_on_1731f053e87d78de183a18d45c74eb9caf9e2853_big.jpg"
    ],
    "description": "Motor Hacmi: 1498 cc\nMotor Gücü: 110 HP\nKasko Değeri: 2.166.122 TL\nMTV: 5.512 TL/yıl\nHASAR KAYDI BULUNMUYOR\n\nAKSESUARLAR\nANAHTARIZ CALISTIRMA\nELEKTRIKLI VE HAFIZALI KOLTUK\n GERI GORÜS KAMERASI\nLED\nARKA DIJITAL KLIMA\nXENON\nELEKTRIKLI YOLCU KOLTUGU\nBI-XENON\niC AMBIANS AYDINLATMA\nLED STOPLAR\nKOL DAYAMA\nAPPLE CAR PLAY\nHIZ SABİTLEME\nANAHTARSIZ GiRiS-ÇIKIS\nSKODA LED KAPI LAMBALARI\nSTART-STOP\nINDIVIDUAL SÜRÜS MODLARI\nARKA MAKAM PERDESI\nBEL DESTEKLI SURUCU KOLTUGU\nKAYLANIR AYNA\nAUTO HOLD\nELEKTRONIK PARK FRENI\nDIGITAL KLIMA\nÖN ARKA PARK MESAFE SENSÖRÜ\nYAĞMUR SENSÖRÜ\nFAR SENSÖRÜ\nFAR YIKAMA\nSOĞUTMALI TORPİDO\nELEKTRİKLİ HAFIZALI KATLANIR ISITMALI AYNALAR\n\nSATIŞ DEPARTMANI İLETİŞİM\n\nMERVE GÜNDAĞ : 0549 806 56 45\nYASEMİN YILDIZ : 0549 814 69 56\nALİHAN ŞENKAL : 0530 728 28 75\nKEREM BAYDEMİR : 0533 682 75 26\nEMRE ULUTAŞ : 0549 792 26 54\nÖZÇELİK YILMAZ : 0533 348 77 28\nGÖRKEM SEZGİN : 0549 807 83 84\n\nKREDİ TAHSİS UZMANI\nABDULLAH İŞÇİ : 0553 503 44 44\n\nÇalışma Saatleri\nHafta İçi: 09:00 - 18:00"
  },
  {
    "sourceName": "intercity2",
    "sourceUrl": "https://intercity2.com/arac/200945",
    "vin": "NMTBD3BE70R006610",
    "make": "TOYOTA",
    "model": "COROLLA",
    "trim": "1.8 HYBRID DREAM E-CVT",
    "year": 2023,
    "price": 1675000,
    "currency": "TRY",
    "mileageKm": 61976,
    "fuelType": "Benzin",
    "transmission": "Otomatik",
    "color": "gri",
    "city": "istanbul merkez",
    "sellerType": "Galeri",
    "imageUrl": "https://intercity2.com/arac-resimleri/34GLN012_on_baecbc2edb8e9b6bef713ea16df145e1c72d1291_big.jpg",
    "imageUrls": [
      "https://intercity2.com/arac-resimleri/34GLN012_on_baecbc2edb8e9b6bef713ea16df145e1c72d1291_big.jpg"
    ],
    "description": "Motor Hacmi: 1798 cc\nMotor Gücü: 72 HP\nMTV: 9.736 TL/yıl\nHASAR KAYDI BULUNMUYOR\n\nKREDİ KARTI İLE ARAÇ SATIŞINDA TUTAR SINIRI BULUNMAMAKTADIR\n\nAKSESUARLAR\nÇİFT BÖLGELİ KLİMA\n12.3'' DİJİTAL RENKLİ GÖSTERGE EKRANI \nKABLOSUZ ŞARJ ÜNİTESİ\n8'' MULTİMEDYA EKRANI\nELEKTRONİK PARK FRENİ\nGERİ GÖRÜŞ KAMERASI\nTRAFİK İŞARETİ ALGILAMA SİSTEMİ\nAKILLI ŞERİT TAKİP SİSTEMİ\nLED ÖN SİS FARLARI\nADAPTİF HIZ SABİTLEME SİSTEMİ\nÖN ÇARPIŞMA ÖNLEYİCİ\n16'' ALÜMİNYUM ALAŞIMLI JANTLAR\n\nSATIŞ DEPARTMANI İLETİŞİM\n\nALİHAN ŞENKAL : 0530 728 28 75\nYASEMİN YILDIZ : 0549 814 69 56\nKEREM BAYDEMİR : 0533 682 75 26\nEMRE ULUTAŞ : 0549 792 26 54\nÖZÇELİK YILMAZ : 0533 348 77 28\nMERVE GÜNDAĞ : 0549 806 56 45\nGÖRKEM SEZGİN : 0549 807 83 84\n\nKREDİ TAHSİS UZMANI\nABDULLAH İŞÇİ : 0553 503 44 44\n\nÇalışma Saatleri\nHafta İçi: 09:00 - 18:00"
  },
  {
    "sourceName": "intercity2",
    "sourceUrl": "https://intercity2.com/arac/201007",
    "vin": "TMBAN6NP1N7048331",
    "make": "SKODA",
    "model": "SUPERB",
    "trim": "1.5 TSI ACT 150 DSG PREMIUM",
    "year": 2022,
    "price": 1920000,
    "currency": "TRY",
    "mileageKm": 93728,
    "fuelType": "Benzin",
    "transmission": "Otomatik",
    "color": "gri",
    "city": "istanbul merkez",
    "sellerType": "Galeri",
    "imageUrl": "https://intercity2.com/arac-resimleri/34FMA387_on_5a0cbf60e6cfd2c79652f0590917303157f7c21e_big.jpg",
    "imageUrls": [
      "https://intercity2.com/arac-resimleri/34FMA387_on_5a0cbf60e6cfd2c79652f0590917303157f7c21e_big.jpg"
    ],
